GPU 1 assigned to the job
Atom: Li20Ge2P4S24.cif
ASE: 0.029590873718261718
MatScipy: 0.0015071344375610352

Atom: Li20Ge2P4S24_112.cif
ASE: 0.039983363151550294
MatScipy: 0.002948565483093262

Atom: Li20Ge2P4S24_122.cif
ASE: 0.04011033058166504
MatScipy: 0.004117422103881836

Atom: Li20Ge2P4S24_222.cif
ASE: 0.06721015930175782
MatScipy: 0.008226680755615234

